case=00
input=5
383 484 392 975 321
output="[ 321 975 392 484 383 ]
"
grade reduction=100%


case=01
input=20
33 28 34 44 44 92 45 89 88 56 72 87 62 61 44 49 43 99 28 19 
output="[ 19 28 99 43 49 44 61 62 87 72 56 88 89 45 92 44 44 34 28 33 ]
"
grade reduction=100%


case=02
input=39
27 19 54 87 50 75 88 58 24 42 95 60 64 72 51 55 92 64 17 74 51 37 89 30 54 51 74 96 74 73 75 80 81 63 60 32 74 58 58 
output="[ 58 58 74 32 60 63 81 80 75 73 74 96 74 51 54 30 89 37 51 74 17 64 92 55 51 72 64 60 95 42 24 58 88 75 50 87 54 19 27 ]
"
grade reduction=100%


case=03
input=28
50 11 87 51 37 50 45 58 86 40 86 86 14 71 94 17 26 51 58 38 49 38 97 92 76 57 61 72 
output="[ 72 61 57 76 92 97 38 49 38 58 51 26 17 94 71 14 86 86 40 86 58 45 50 37 51 87 11 50 ]
"
grade reduction=100%


case=04
input=3
61 80 43 
output="[ 43 80 61 ]
"
grade reduction=100%


case=05
input=0
output="[ ]
"
grade reduction=100%


case=06
input=27
28 51 14 25 75 85 97 95 63 21 61 34 84 41 45 97 63 48 53 15 75 29 94 63 85 46 55 
output="[ 55 46 85 63 94 29 75 15 53 48 63 97 45 41 84 34 61 21 63 95 97 85 75 25 14 51 28 ]
"
grade reduction=100%


case=07
input=26
97 97 20 69 76 89 76 34 53 98 44 98 98 39 43 73 87 16 89 25 99 37 19 70 96 95 
output="[ 95 96 70 19 37 99 25 89 16 87 73 43 39 98 98 44 98 53 34 76 89 76 69 20 97 97 ]
"
grade reduction=100%


case=08
input=1
78 
output="[ 78 ]
"
grade reduction=100%


case=09
input=22
12 57 78 42 45 54 64 27 53 50 23 92 46 84 33 85 97 51 57 30 99 47 
output="[ 47 99 30 57 51 97 85 33 84 46 92 23 50 53 27 64 54 45 42 78 57 12 ]
"
grade reduction=100%


case=10
input=29
39 98 36 99 50 38 15 76 65 58 47 59 83 76 52 35 50 89 91 92 85 57 82 53 90 44 80 69 65 
output="[ 65 69 80 44 90 53 82 57 85 92 91 89 50 35 52 76 83 59 47 58 65 76 15 38 50 99 36 98 39 ]
"
grade reduction=100%
